x,y,rssi1,rssi2,rssi3,rssi4
0,0,-23.1,-69.75,-64.7,-76.65
0,0,-23.4,-70.35,-64.75,-74.7
0,0,-24.25,-70.2,-65.9,-75.3
0,0,-22.3,-71.3,-64.75,-76.4
0,0,-23.95,-71.8,-64.7,-74.7
50,0,-50.9,-72.8,-75.45,-72.9
50,0,-51,-73.05,-75.45,-75.55
50,0,-50.25,-74.4,-77.5,-75.55
50,0,-50.2,-72.8,-72.45,-71.6
50,0,-50.9,-75.65,-73.95,-71.8
100,0,-63.2,-67.55,-78.55,-73
100,0,-63.55,-66.65,-77.4,-73
100,0,-63.5,-66.85,-75,-72.55
100,0,-64.4,-68.3,-78.45,-74.6
100,0,-65.1,-69.05,-77.35,-73.85
150,0,-71.2,-67.05,-72.55,-69.5
150,0,-71.05,-68.55,-74.95,-70
150,0,-67.65,-68.2,-71.35,-68.8
150,0,-67.5,-67.25,-72.15,-69.4
150,0,-70,-66.75,-71.9,-68.95
200,0,-71.45,-74.2,-75.5,-76.4
200,0,-71.45,-74.6,-73.2,-75.35
200,0,-72.25,-76.4,-73.95,-75.7
200,0,-71.65,-77.05,-76.05,-76.15
200,0,-71.2,-73.65,-73.2,-74.9
250,0,-71.25,-67.7,-69.25,-78.25
250,0,-72.4,-69.05,-73.55,-80.9
250,0,-72.55,-71.8,-77.75,-77.3
250,0,-74.55,-69.65,-74.2,-80.65
250,0,-71.6,-69.35,-72.85,-78.3
300,0,-73.55,-73.25,-83.1,-53.75
300,0,-75.05,-72.55,-82.15,-53.3
300,0,-74.55,-72.75,-82.9,-53.95
300,0,-75.4,-73.3,-80.8,-55.2
300,0,-75.15,-72.55,-81.55,-55.3
350,0,-72.2,-72.85,-72.95,-45.05
350,0,-72.1,-74.3,-71.55,-45.8
350,0,-71.25,-76.05,-70.2,-44.65
350,0,-72.15,-75,-72,-45.05
350,0,-73.05,-73.2,-72.75,-45.55
400,0,-71.8,-66,-73.35,-37.55
400,0,-71.75,-65.25,-71.9,-35.55
400,0,-72.3,-65.85,-72.05,-33.55
400,0,-73.8,-66.3,-72.55,-34.55
400,0,-72.9,-66.45,-72.9,-34.5
0,50,-48.2,-78.5,-71.6,-80.85
0,50,-48,-77.75,-71.75,-80.9
0,50,-47.6,-76.65,-71.05,-80.3
0,50,-46.55,-75.1,-72.55,-81.55
0,50,-48.05,-77.95,-71.2,-80.35
0,100,-57.75,-74.2,-76.5,-74.8
0,100,-57.65,-74.55,-71.75,-75.65
0,100,-57.65,-73.7,-70.65,-77.1
0,100,-57.65,-74.15,-75.1,-76.9
0,100,-57.45,-74,-74.7,-75.1
0,150,-63.8,-67.65,-69.8,-75.45
0,150,-66.95,-69.45,-69.6,-82.1
0,150,-65.5,-70.6,-68.8,-76.8
0,150,-66,-67.25,-70.6,-80.8
0,150,-65.1,-70.2,-68.35,-78.25
0,200,-65.6,-69.25,-64.1,-77.95
0,200,-65.7,-69.05,-63.2,-76.85
0,200,-66.05,-68.3,-63.15,-77.5
0,200,-65.65,-68.65,-63.7,-77.65
0,200,-64.8,-69.8,-64.7,-76.9
0,250,-64.2,-74.45,-71.2,-78.35
0,250,-65.75,-74.65,-67.5,-81
0,250,-66.45,-74.75,-68.1,-82.45
0,250,-64.6,-74.65,-68,-79.5
0,250,-64.3,-74.6,-69.45,-79.95
0,300,-60.65,-70.5,-55.95,-78.1
0,300,-63.5,-69.8,-54.95,-73.35
0,300,-64.55,-68.55,-55.35,-77.45
0,300,-63.4,-67.1,-53.2,-72.65
0,300,-62.7,-68,-53.9,-72.45
0,350,-59.3,-72.5,-47.95,-81.55
0,350,-61.85,-70.4,-47.6,-82.3
0,350,-62.85,-72,-47.6,-81.2
0,350,-63.2,-72.9,-47.85,-79.6
0,350,-63.35,-72.95,-48.55,-79.9
0,400,-54.8,-73.95,-34.7,-73.6
0,400,-58.05,-71.35,-33.65,-75.8
0,400,-59.55,-70.95,-34.65,-76.1
0,400,-60,-70.4,-34.8,-77.3
0,400,-59.4,-71.2,-33.7,-76.85
50,400,-64.7,-78.8,-46.35,-69.6
50,400,-66.85,-80.55,-48,-72.8
50,400,-67.85,-79.9,-46.8,-71.5
50,400,-66.3,-80.65,-48,-73.7
50,400,-67.85,-79.5,-48.3,-73.25
100,400,-66.5,-80.5,-55.85,-74.95
100,400,-71.55,-81.95,-56.4,-74
100,400,-73.35,-84.85,-55.4,-71.1
100,400,-71.85,-82.45,-55.2,-72.6
100,400,-71.45,-83.2,-55.55,-73.8
150,400,-68.3,-76.95,-61.65,-72.9
150,400,-69.8,-75.35,-61.55,-75
150,400,-71.55,-76.75,-61.95,-72.85
150,400,-71.9,-76.55,-62.15,-73.95
150,400,-72.5,-76.9,-62.1,-73.25
200,400,-70.05,-77.1,-64.5,-67.3
200,400,-72.8,-78.75,-64.2,-66.75
200,400,-73.75,-78.95,-64.65,-65.9
200,400,-74.5,-78.15,-64.8,-67.85
200,400,-74.3,-78.75,-64.1,-66.05
250,400,-68.25,-69.7,-71.95,-73.95
250,400,-72.5,-69.55,-70.4,-74.15
250,400,-74.2,-68.55,-70.5,-74.6
250,400,-73.6,-69.75,-69.35,-74.9
250,400,-72.1,-67.8,-70.1,-72.65
300,400,-68.85,-62.45,-72.5,-71.5
300,400,-74.05,-63.15,-73.45,-70.1
300,400,-71.65,-62.55,-74.7,-72.3
300,400,-68.65,-62.9,-72.1,-71.8
300,400,-73.9,-62.85,-74.7,-70
350,400,-63.2,-64.8,-75.25,-65.6
350,400,-67.85,-64,-75.65,-67.05
350,400,-68,-62.75,-75.75,-66.75
350,400,-65.8,-64.5,-79.2,-67.15
350,400,-67.15,-64.25,-77.8,-69.7
400,400,-67.85,-35.3,-74.9,-70.35
400,400,-71.1,-32.9,-75.1,-74.3
400,400,-71.75,-35.7,-74.15,-69.9
400,400,-71.6,-36.5,-74.45,-70.95
400,400,-71.4,-37.1,-73.7,-68.2
50,50,-60.75,-75.35,-69.7,-77.65
50,50,-64.75,-75.4,-71.5,-77.7
50,50,-63.9,-75.1,-72.1,-78.75
50,50,-63.45,-74.9,-70.4,-77
50,50,-65.15,-75.05,-72.9,-79.05
50,100,-58.05,-66.6,-65.6,-79.1
50,100,-62.8,-67.45,-65.55,-79.25
50,100,-62.75,-67.3,-65.8,-79
50,100,-61.95,-67.5,-66.1,-79.1
50,100,-62.3,-66.9,-66.05,-78.55
50,150,-64.9,-75.4,-71.1,-77.15
50,150,-68.85,-75.4,-70.55,-76.4
50,150,-68.5,-74.9,-69.75,-76.45
50,150,-68.7,-75.5,-69.85,-76.65
50,150,-68.25,-74.8,-71.35,-75.95
50,200,-63.4,-71.6,-67.1,-76.9
50,200,-67.95,-72.85,-65.3,-75.65
50,200,-68.9,-73.4,-66.55,-77.7
50,200,-67.9,-72.8,-66,-75.3
50,200,-68.5,-73.1,-67,-77.05
50,250,-65.85,-69.1,-65.25,-70.1
50,250,-70.45,-70.25,-64.4,-74.55
50,250,-68.9,-70.7,-63.55,-74.25
50,250,-70.3,-68.85,-64.8,-73.45
50,250,-70.6,-69.1,-64.05,-73.9
50,300,-69.5,-69.45,-65.3,-72.4
50,300,-72.35,-70.25,-66.55,-72.95
50,300,-72.85,-72.45,-64.05,-72.3
50,300,-69.85,-67.45,-63.65,-71.6
50,300,-74.55,-70.45,-65.9,-72.45
50,350,-63.95,-66.4,-64.65,-79.45
50,350,-68.15,-64,-62.95,-78.75
50,350,-67.6,-65.5,-63.85,-76.25
50,350,-67.6,-66.25,-65.2,-76.55
50,350,-67.6,-65.4,-63.6,-77.3
400,50,-69.35,-77.95,-73.25,-53.8
400,50,-73.85,-82.15,-75.7,-54.3
400,50,-72.6,-79.1,-75.6,-54.1
400,50,-73,-78.45,-74,-53.45
400,50,-73.35,-80.05,-75.2,-53.7
400,100,-61.95,-66.6,-70,-62
400,100,-65.5,-68,-67.75,-62.65
400,100,-66,-67,-69.85,-62.1
400,100,-64.85,-66.3,-70.45,-62.4
400,100,-65.85,-67,-69.95,-62.5
400,150,-72,-67.25,-71.85,-67.1
400,150,-77.45,-68.3,-73.55,-67.6
400,150,-78.3,-69.35,-74.05,-68.1
400,150,-75.55,-68.9,-75.6,-67.5
400,150,-77.7,-69.45,-75.9,-67.95
400,200,-66.05,-65.65,-71.95,-69.7
400,200,-69.75,-67.75,-74.2,-74.1
400,200,-68.8,-67.75,-75.75,-76.95
400,200,-69.25,-67.25,-73.15,-76.8
400,200,-69.35,-66.6,-72.45,-73.7
400,300,-69.35,-64.1,-71,-69.8
400,300,-73.5,-65,-72.95,-72.7
400,300,-72.45,-63.75,-71,-68.05
400,300,-72.75,-65.2,-75.25,-73
400,300,-71.8,-63.5,-73.55,-70.45
0,0,-36.1,-41.5,-70,-80
0,0,-42.6,-41.25,-70,-80
0,0,-35.15,-38.35,-70,-80
0,0,-35.55,-40,-70,-80
0,0,-35.6,-37.35,-70,-80
0,0,-35.95,-39.7,-70,-80
0,0,-34.9,-37.35,-70,-80
0,0,-61.8,-38.7,-74.15,-75.75
0,0,-62.9,-39.55,-71.5,-70.7
0,0,-63.35,-40.55,-73.45,-70.95
0,0,-65.1,-41.45,-72,-71.9
0,0,-63.2,-40.75,-72.35,-71.1
0,0,-60.45,-42.45,-72.05,-67.05
0,0,-62.1,-40.65,-70.45,-70.8
0,0,-63.45,-40.7,-71.1,-70.75
0,0,-64.35,-39.95,-72.35,-71.15
0,0,-63,-41.4,-70.45,-71.15
0,0,-64.95,-40.9,-68.95,-72.1
0,0,-64.8,-41.7,-69.75,-71.55
0,0,-63,-40.1,-74.7,-70.05
0,0,-62.55,-39.45,-73.15,-71.2
0,0,-65.15,-38.8,-71.1,-70.85
0,0,-65.45,-39.4,-71.05,-71.6
0,0,-63.1,-41.95,-70.65,-71.55
0,0,-62.65,-39,-72.8,-70.8
0,0,-64.2,-39.85,-71.5,-71.55
0,0,-64.5,-40.1,-73.65,-70.55
0,0,-64.55,-39.45,-71.05,-72.45
0,0,-63.95,-39.2,-72.6,-72.4
0,0,-63.9,-39.4,-71.55,-70.9
0,0,-23.55,-68.5,-62.65,-68.55
0,0,-22.65,-68.6,-63.15,-69.1
0,0,-23.25,-69.85,-62.9,-71.3
0,0,-22.2,-68.85,-62.4,-68.85
0,0,-23,-69.4,-63.5,-69.95
0,0,-41.9,-66.5,-63.05,-70.6
0,0,-63.9,-64.4,-63.6,-70.6
0,0,-63.5,-64.8,-63.7,-72
0,0,-63.95,-64.15,-63.45,-68.65
0,0,-63.45,-64.95,-64,-68.4
0,0,-65.9,-72,-65.95,-69.6
0,0,-72.75,-72.4,-66.75,-74.2
0,0,-68.3,-67.85,-60.85,-68.6
0,0,-71.45,-73.8,-62.8,-72.55
0,0,-72.05,-74,-65.95,-73.05
0,0,-72.35,-70.75,-68.45,-73.4
0,0,-68.65,-70.7,-64.85,-70.7
0,0,-65.4,-70.85,-66.95,-72
0,0,-69.2,-71.45,-63.65,-64
0,0,-70.6,-71.5,-66.35,-63.85
0,0,-73.25,-72,-67.1,-66.25
0,0,-32.4,-60.9,-68.55,-73.2
0,0,-32.65,-62.1,-73.4,-72.7
0,0,-50.25,-49.9,-68.6,-69.2
0,0,-61.65,-40.4,-67.25,-72.65
0,0,-61,-39.4,-68.9,-74.8
0,0,-62.45,-41.05,-66.4,-74.55
0,0,-59.3,-42.1,-67.4,-71.75
0,0,-62.3,-41.75,-67.8,-73
0,0,-70.65,-74.45,-66.85,-75.5
0,0,-69.3,-77.2,-68.6,-75.05
0,0,-69.15,-75.9,-66.8,-72.85
0,0,-73.45,-80.6,-68.2,-73.4
0,0,-74.7,-80.3,-70,-72.95
0,0,-49.2,-74,-66.65,-73.35
0,0,-29,-69.6,-63.9,-72.65
0,,-66.55,-76,-68.4,-74.25
0,,-71.9,-80.7,-70.15,-72.35
0,,-67.35,-74.45,-68.6,-73.95
0,,-61.75,-65.25,-60.4,-69.65
0,,-65,-68.4,-62.15,-70.65
-,0,-64.25,-64.4,-56.4,-65
-,0,-65.2,-63.05,-56,-60.7
-,0,-64.6,-64.2,-56.8,-62.85
-,0,-68.4,-66.6,-56.3,-64
-,0,-68.3,-64.25,-57.25,-62.3
-,0,-60.05,-65.15,-61.2,-67
-,0,-67.25,-64.05,-62.15,-65.75
0,0,-61.25,-64.2,-65.85,-64.7
0,0,-61.75,-63.4,-66.15,-63.75
0,0,-62.6,-64.5,-62.25,-65.85
0,0,-69,-63.85,-63.1,-64.75
0,0,-69,-64.9,-64.9,-66.25
0,0,-63.4,-63.35,-66.4,-61.35
0,0,-64.15,-67.4,-61.15,-67
0,0,-67.85,-71.75,-59.75,-63.7
0,0,-59.65,-66.35,-63.8,-65.75
0,0,-62.45,-66.3,-62.8,-64.4
0,0,-45.45,-60.2,-59.4,-53.4
0,0,-42.35,-56.6,-61.3,-57.35
0,0,0,-69.1,-72.85,-68.35
0,0,0,-62.5,-72.55,-66.9
0,0,0,-62.3,-74.4,-66.95
0,0,0,-62.65,-74.15,-66.75
0,0,-28.05,-62.9,-71.65,-66.55
0,0,-28.25,-62.7,-72.55,-66.7
0,0,-27.95,-62.4,-71.5,-66.8
0,0,-28.15,-62.8,-72.6,-66.65
0,0,-28.35,-63.05,-73.2,-66.8
0,0,-27.9,-62.9,-74.8,-66.8
0,0,-70.75,-66.4,-71.15,-70.1
0,0,-71.5,-67.95,-70.9,-68.75
0,0,-72,-65.95,-70.7,-69.3
0,0,-76.2,-70.85,-73.75,-71.45
0,0,-71.7,-68.45,-77.65,-68.8
0,0,-69.9,-71.4,-77.6,-67.05
0,0,-72.9,-68.35,-76.3,-68.75
0,0,-73.85,-68.8,-75.3,-70.4
0,0,-72.45,-64.25,-75.85,-67.9
0,0,-71.4,-64.45,-74.4,-67.4
0,0,-71.4,-69.6,-73.8,-68.7
0,0,-74.45,-70.25,-75.6,-70.1
0,0,-74.55,-71.5,-74.85,-70.8
0,0,-37.6,-63.15,-71.15,-66
0,0,-37.35,-64,-72.5,-65.2
0,0,-36.25,-65.4,-69.6,-66.2
0,0,-37.25,-63.15,-72.6,-66.65
0,0,-36.2,-63.05,-70.05,-65.95
0,0,-36.8,-63.55,-69.65,-66.35
0,0,-34.1,-63.5,-70.6,-65.95
0,0,-36,-62.95,-69.3,-66.4
0,0,-37,-63.1,-69.35,-65.25
0,0,-36.95,-64.1,-70.45,-66.25
0,0,-37.15,-63.7,-70.4,-66.55
0,0,-36.25,-68.05,-70.55,-67.9
0,0,-36.45,-67.5,-74.3,-65.15
0,0,-36.65,-70.35,-71.95,-65.25
0,0,-36.3,-71.45,-70.75,-65.95
0,0,-37.2,-71,-73.65,-66.25
0,0,-37.25,-71.15,-72.05,-65.9
0,0,-29.05,-70.6,-72.2,-73.55
0,0,-28.25,-69.9,-71.25,-70.9
0,0,-28.5,-70.75,-72.45,-73.7
0,0,-29.2,-70.95,-71.95,-71.75
0,0,-25.8,-69.35,-70.05,-70.4
0,0,-29,-71.3,-72.05,-76.25
0,0,-27.9,-71.05,-71.15,-73.85
0,0,-28.9,-71.6,-72.3,-72.6
0,0,-80.4,-75.75,-24.5,-70.3
0,0,-76.6,-74.15,-23.75,-70.15
0,0,-80.15,-76.3,-24.75,-70.65
0,0,-78.25,-75.15,-24.25,-70
0,0,-66.8,-77.5,-73.7,-25.9
0,0,-65.85,-78.1,-71.1,-24.95
0,0,-67.65,-78.65,-71.75,-26.15
0,0,-64.75,-79.2,-69.35,-24.7
0,0,-67.25,-77.45,-71.3,-26
0,0,-66.15,-78.55,-70.25,-24.4
0,0,-63.85,-79.2,-71.35,-24.7
0,0,-65.35,-77.55,-70.35,-25.6
0,0,-64.9,-78.25,-72.85,-26.55
0,0,-65.75,-77.85,-71.05,-25.25
0,0,-67.4,-76.9,-73.9,-26.9
0,0,-65.15,-78.25,-71.4,-24.9
0,0,-65.55,-80.05,-71.05,-25.6
0,0,-65.9,-78.45,-71.3,-25.35
0,0,-66,-77.75,-70.65,-25.85
0,0,-65.65,-77.65,-73.15,-26.35
0,0,-29.6,-70.45,-67.65,-67.45
0,0,-28.7,-70.45,-68.3,-67.55
0,0,-29.55,-70.6,-69.85,-69.45
0,0,-29.5,-71.35,-71.2,-69.05
0,0,-29,-70.65,-69.3,-69.15
0,0,-62.6,-70.2,-67.9,-71.15
0,0,-63.05,-72.05,-65.05,-67.25
0,0,-62.85,-70.85,-65.85,-68.6
0,0,-67.65,-70,-68.2,-63.85
0,0,-59.2,-80.8,-73.2,-75
0,0,-67.4,-78.4,-77.8,-72.8
0,0,-66.8,-79.4,-74,-70.4
0,0,-69.2,-76.4,-75.2,-67.2
,,-31.2,-66.4,-69.4,-64.8
,,-31,-67,-69.2,-64.2
,,-32,-66.8,-69.2,-64.6
,,-31.4,-66.8,-68.6,-65
,,-33,-66.8,-69,-64.8
0,0,-24.4,-66.8,-68.6,-65.4
0,0,-32,-66.8,-70,-64.8
0,0,-31,-66.6,-68.6,-64.8
0,0,-33.2,-67.8,-68.6,-65
0,0,-31.8,-67,-69.8,-64.8
0,0,-31.4,-69,-70.8,-67.6
0,0,-33,-69,-72,-69.2
0,0,-29.8,-69.8,-65.4,-66.8
0,0,-30,-70,-65.4,-69.2
0,0,-30,-69.6,-65,-66.2
0,0,-29.2,-69,-63.4,-68.8
0,0,-31.4,-69.2,-67,-68.4
0,0,-30.2,-69.8,-65.4,-64.4
0,0,-67.4,-73.2,-70.2,-65
0,0,-63.4,-63,-63.4,-65.8
0,0,-68,-58,-66.6,-64.4
0,0,-60.2,-57,-76,-62.8
0,0,-66.4,-57,-73.4,-60.8
0,0,-77.4,-53.8,-82,-61.4
0,0,-79,-57,-72.4,-62.8
0,0,-71.4,-50.4,-71.4,-60.6
0,0,-68.6,-60.2,-74.8,-65.4
0,0,-64.6,-78.6,-72.4,-73.4
0,0,-64.2,-77.6,-76,-74.4
0,0,-64,-78.2,-74,-70.6
0,0,-62.6,-76.2,-75.4,-71.4
0,0,-68,-81.2,-73.6,-73.6
0,0,-68,-82.4,-77.2,-74
0,0,-63.8,-76,-75.6,-67.8
0,0,-63.4,-78.4,-71.2,-66.8
0,0,-66,-78.2,-75.6,-67.4
0,0,-52.2,-71,-72.6,6.4
0,0,-61.8,-68.6,-71.8,-69.2
0,0,-61.8,-68.8,-71.2,-68
0,0,-64.8,-77.4,-77.2,-76.6
0,0,-67.6,-75.4,-80.8,-76.8
0,0,-73.4,-88.6,-80.6,-71
0,0,-69.6,-89,-80,-69.4
0,0,-66.2,-91,-71.6,-72
0,0,-74,-88,-77.2,-63.2
0,0,-74.6,-90.2,-78,-68.6
0,0,-70.8,-84.8,-74,-57.4
0,0,-71.8,-85.2,-72,-60.4
0,0,-71.8,-83.8,-75.2,-53.6
0,0,-67.4,-87.8,-69.6,-58.6
0,0,-76,-83.4,-66.2,-60.8
0,0,-70.2,-85,-73,-62.6
0,0,-74,-90.4,-69.6,-66
0,0,-70.2,-88.2,-76,-57
0,0,0,0,0,0
0,0,0,0,0,0
0,0,-0.2,0,0,0
0,0,0,0,0,0
0,0,0,0,0,0
0,0,0,0,0,0
0,0,0,0,0,0
0,0,0,0,0,0
0,0,0,0,0,0
0,0,0,0,0,0
0,0,0,0,0,0
0,0,-40.2,0,0,0
0,0,-36.4,0,0,0
0,0,-38,0,0,0
0,0,-39.8,0,0,0
0,0,-39,0,0,0
0,0,-39.4,0,0,0
0,0,-30.2,0,0,0
0,0,-39.4,0,0,0
0,0,-39.2,0,0,0
0,0,-38.4,0,0,0
0,0,-40,0,0,0
0,0,-38.8,0,0,0
0,0,-40,0,0,0
0,0,-40,0,0,0
0,0,-39.6,0,0,0
0,0,-39,0,0,0
0,0,-37,0,0,0
0,0,-37.4,0,0,0
0,0,-38,0,0,0
0,0,-38.4,0,0,0
0,0,-36.6,0,0,0
0,0,-36.8,0,0,0
0,0,-43.2,0,0,0
0,0,-34.8,0,0,0
0,0,-33.4,0,0,0
0,0,-33.4,0,0,0
0,0,-35.4,0,0,0
0,0,-33.6,0,0,0
0,0,-38.4,0,0,0
0,0,-38.8,0,0,0
0,0,-37.6,0,0,0
0,0,0,0,0,0
0,0,0,0,0,0
0,0,0,0,0,0
0,0,0,0,0,0
0,0,0,0,0,0
0,0,0,0,0,0
0,0,0,0,0,0
0,0,0,0,0,0
0,,0,0,0,0
0,0,-0.5,0,-0.5,0
0,0,-0.5,0,-0.5,0
0,0,-0.5,0,-0.5,0
0,0,-0.5,0,-0.5,0
0,0,0,0,0,0
0,0,0,0,0,0
0,0,0,0,0,0
0,0,0,0,0,0
0,0,0,0,0,0
0,0,0,0,0,0
0,0,0,0,0,0
0,0,0,0,0,0
0,0,0,0,0,0
0,0,0,0,0,0
0,0,-0.5,0,0,0
0,0,0,0,0,0
0,0,0,0,0,0
0,0,0,0,0,0
0,0,0,0,0,0
0,0,0,0,0,0
0,0,0,0,0,0
0,0,-0.5,0,0,0
0,0,0,0,0,0
0,0,0,0,0,0
0,0,0,0,0,0
0,0,0,0,0,0
0,0,0,0,0,0
0,0,0,0,0,0
0,0,0,0,0,0
0,0,0,0,0,0
0,0,0,0,0,0
0,0,0,0,0,0
0,0,0,0,0,0
0,0,-0.5,0,0,0
0,0,0,0,0,0
0,0,0,0,0,0
0,0,0,0,0,0
0,0,0,0,0,0
0,0,0,0,0,0
0,0,0,0,0,0
0,0,0,0,0,0
0,0,0,0,0,0
0,0,0,0,0,0
0,0,0,0,0,0
0,0,0,0,0,0
0,0,0,0,0,0
0,0,0,0,0,0
0,0,0,0,0,0
0,0,0,0,0,0
0,0,0,0,0,0
0,0,0,0,0,0
0,0,0,0,0,0
0,0,0,0,0,0
0,0,0,0,0,0
0,0,0,0,0,0
0,0,0,0,0,0
0,,0,0,0,0
0,,0,0,0,0
0,,0,0,0,0
0,,0,0,0,0
0,,0,0,0,0
0,,0,0,0,0
0,,0,0,0,0
0,,0,0,0,0
0,0,0,0,0,0
0,0,0,0,0,0
0,0,0,0,0,0
0,0,0,0,0,0
0,0,0,0,0,0
